           1           2  0.99725989821569294     
           2           3   1.2826413412385198     
           2           4  0.10902205139812891     
           3           4   1.4964348668803178     
           4           5   1.2735253321071043     
           2           6   1.1616480116730914     
           5           6   1.3671253966306642     
           6           7   1.1094888974711168     
           7           8   1.6351109199874720     
           7           9   1.1084569805372027     
           8           9  0.14932584631377932     
           9          10   1.0966202234848306     
           9          11  0.12726395259617618     
          10          11   1.6295022327754178     
           5          12   1.1259514986156562     
          10          12   1.1327876796122018     
          11          12  0.14361178230141122     
          12          13  0.98370561747951690     
           9          14  0.98586478001585809     
           1          15  0.98101863445121140     
           1          16  0.97048030519962014     
           1          17  0.97046900315234619     
           3          18  0.96284582449760914     
          13          19  0.97572740853019835     
          13          20  0.97470909574788167     
          13          21  0.97474863481617879     
          14          22  0.97578943331473877     
          14          23  0.97422411458753899     
          14          24  0.97419702687026377     
